# LISTA DE CÓDIGOS DE PRODUCTOS TREGAR
# Guarda las imágenes en la carpeta 'imagenes_productos/' con el nombre del código
# Ejemplo: 1685.jpg, 682.png, 2175.gif
#============================================================

104
1093
1094
1095
1096
1097
1098
1099
1100
1101
1245
1246
1274
1313
1319
142
1609
1621
1627
1628
1636
1637
1638
1685
1686
1694
1695
1696
17
170
171
1760
1782
180
195
1993
1994
1995
1997
1998
1999
2068
2078
2079
208
2094
2108
2109
211
2110
2111
2114
2115
2118
2139
2140
2141
2142
2144
2145
2146
2149
2153
2154
2155
2156
2157
2168
2169
2171
2172
2173
2174
2175
2176
2177
2211
2212
2213
2214
2231
2232
2240
2241
225
257
269
31
312
313
346
363
378
682
82
9
